0.267004010	0.00487433000	0.329415190
0.268510480	0.00960483000	0.335426520
0.269943840	0.0146249400	0.341378950
0.271304890	0.0199418600	0.347268620
0.272593840	0.0255630900	0.353093030
0.273809340	0.0314974800	0.358852560
0.274952420	0.0377518100	0.364543230
0.276022380	0.0441672300	0.370164180
0.277018400	0.0503443700	0.375714520
0.277941430	0.0563244400	0.381190740
0.278790670	0.0621453600	0.386592040
0.279565500	0.0678358700	0.391917230
0.280266580	0.0734172400	0.397163490
0.280893580	0.0789070300	0.402329440
0.281445810	0.0843197000	0.407414040
0.281923580	0.0896662200	0.412415210
0.282327390	0.0949554500	0.417330860
0.282656330	0.100195760	0.422160320
0.282910490	0.105393450	0.426902020
0.283090950	0.110553070	0.431553750
0.283197040	0.115679660	0.436114820
0.283228820	0.120777010	0.440584040
0.283186840	0.125847990	0.444960000
0.283072000	0.130894770	0.449241270
0.282883890	0.135920050	0.453427340
0.282622970	0.140925560	0.457517260
0.282290370	0.145912330	0.461509950
0.281886760	0.150881470	0.465404740
0.281412280	0.155834250	0.469201280
0.280867730	0.160771320	0.472899090
0.280254680	0.165692720	0.476497620
0.279573990	0.170598840	0.479996750
0.278826180	0.175490200	0.483396540
0.278012360	0.180366840	0.486697020
0.277134370	0.185228360	0.489898310
0.276193760	0.190074470	0.493000740
0.275191160	0.194905400	0.496004880
0.274128020	0.199720860	0.498911310
0.273005960	0.204520490	0.501720760
0.271828120	0.209303060	0.504434130
0.270594730	0.214068990	0.507052430
0.269307560	0.218817820	0.509576780
0.267968460	0.223549110	0.512008400
0.266579840	0.228262100	0.514348700
0.265144500	0.232955930	0.516599300
0.263663200	0.237630780	0.518761630
0.262138010	0.242286190	0.520837360
0.260571030	0.246921700	0.522828220
0.258964510	0.251536850	0.524736090
0.257322440	0.256130400	0.526563320
0.255645190	0.260702840	0.528311520
0.253934980	0.265253840	0.529982730
0.252194040	0.269783060	0.531579050
0.250424620	0.274290240	0.533102610
0.248628990	0.278775090	0.534555610
0.246811400	0.283236620	0.535940930
0.244972080	0.287675470	0.537260180
0.243113240	0.292091540	0.538515610
0.241237080	0.296484710	0.539709460
0.239345750	0.300854940	0.540843980
0.237441380	0.305202220	0.541921400
0.235526060	0.309526570	0.542943960
0.233602770	0.313827730	0.543914240
0.231673500	0.318105800	0.544834440
0.229739260	0.322361270	0.545706330
0.227801920	0.326594320	0.546532000
0.225863300	0.330805150	0.547313530
0.223925150	0.334994000	0.548052910
0.221989150	0.339161140	0.548752110
0.220056910	0.343306880	0.549413040
0.218129950	0.347431540	0.550037550
0.216209710	0.351535480	0.550627430
0.214297570	0.355619070	0.551184400
0.212394770	0.359682730	0.551710110
0.210503100	0.363726710	0.552206460
0.208623420	0.367751510	0.552674860
0.206756280	0.371757750	0.553116530
0.204902570	0.375745890	0.553532820
0.203063090	0.379716440	0.553925050
0.201238540	0.383669890	0.554294410
0.199429500	0.387606780	0.554642050
0.197636500	0.391527620	0.554969050
0.195859930	0.395432970	0.555276370
0.194100090	0.399323360	0.555564940
0.192357190	0.403199340	0.555835590
0.190631350	0.407061480	0.556089070
0.188922590	0.410910330	0.556326060
0.187230830	0.414746450	0.556547170
0.185555930	0.418570400	0.556752920
0.183897630	0.422382750	0.556943770
0.182255610	0.426184050	0.557120100
0.180629490	0.429974860	0.557282210
0.179018790	0.433755720	0.557430350
0.177422980	0.437527200	0.557564660
0.175841480	0.441289810	0.557685260
0.174273630	0.445044100	0.557792160
0.172718760	0.448790600	0.557885320
0.171176150	0.452529800	0.557964640
0.169645730	0.456262090	0.558030340
0.168126410	0.459988020	0.558081990
0.166617100	0.463708130	0.558119130
0.165117030	0.467422900	0.558141410
0.163625430	0.471132780	0.558148420
0.162141550	0.474838210	0.558139670
0.160664670	0.478539610	0.558114660
0.159194130	0.482237400	0.558072800
0.157729330	0.485931970	0.558013470
0.156269730	0.489623700	0.557936000
0.154814880	0.493312930	0.557839670
0.153364450	0.497000030	0.557723710
0.151918200	0.500685290	0.557587330
0.150476050	0.504369040	0.557429680
0.149039180	0.508051360	0.557250500
0.147607310	0.511732630	0.557048610
0.146180260	0.515413160	0.556822710
0.144758630	0.519093190	0.556571810
0.143343270	0.522772920	0.556294910
0.141935270	0.526452540	0.555990970
0.140535990	0.530132190	0.555658930
0.139147080	0.533812010	0.555297730
0.137770480	0.537492130	0.554906250
0.136408500	0.541172640	0.554483390
0.135065610	0.544853350	0.554029060
0.133742990	0.548534580	0.553541080
0.132444010	0.552216370	0.553018280
0.131172490	0.555898720	0.552459480
0.129932700	0.559581620	0.551863540
0.128729380	0.563265030	0.551229270
0.127567710	0.566948910	0.550555510
0.126453380	0.570633160	0.549841100
0.125393830	0.574317540	0.549085640
0.124394740	0.578002050	0.548287400
0.123462810	0.581686610	0.547444980
0.122605620	0.585371050	0.546557220
0.121831220	0.589055210	0.545622980
0.121148070	0.592738890	0.544641140
0.120565010	0.596421870	0.543610580
0.120091540	0.600103870	0.542530430
0.119737560	0.603784590	0.541399990
0.119511630	0.607463880	0.540217510
0.119423410	0.611141460	0.538981920
0.119482550	0.614817020	0.537692190
0.119698580	0.618490250	0.536347330
0.120080790	0.622160810	0.534946330
0.120638240	0.625828330	0.533488340
0.121379720	0.629492420	0.531972750
0.122312440	0.633152770	0.530398080
0.123443580	0.636808990	0.528763430
0.124779530	0.640460690	0.527067920
0.126325810	0.644107440	0.525310690
0.128087030	0.647748810	0.523490920
0.130066880	0.651384360	0.521607910
0.132267970	0.655013630	0.519660860
0.134691830	0.658636190	0.517648800
0.137339210	0.662251570	0.515571010
0.140209910	0.665859270	0.513426800
0.143302910	0.669458810	0.511215490
0.146616400	0.673049680	0.508936440
0.150147820	0.676631390	0.506588900
0.153894050	0.680203430	0.504172170
0.157851460	0.683765250	0.501685740
0.162015980	0.687316320	0.499129060
0.166383200	0.690856110	0.496501630
0.170948400	0.694384050	0.493802940
0.175706710	0.697899600	0.491032520
0.180653140	0.701402220	0.488189380
0.185782660	0.704891330	0.485273260
0.191090180	0.708366350	0.482283950
0.196570630	0.711826680	0.479221080
0.202219020	0.715271750	0.476084310
0.208030450	0.718700950	0.472873300
0.214000150	0.722113710	0.469587740
0.220123810	0.725509450	0.466226380
0.226396900	0.728887530	0.462789340
0.232814980	0.732247350	0.459276750
0.239373900	0.735588280	0.455688380
0.246069680	0.738909720	0.452024050
0.252898510	0.742211040	0.448283550
0.259856760	0.745491620	0.444466730
0.266941270	0.748750840	0.440572840
0.274149220	0.751988070	0.436600900
0.281476810	0.755202660	0.432552070
0.288921020	0.758393990	0.428426260
0.296478990	0.761561420	0.424223410
0.304147960	0.764704330	0.419943460
0.311925340	0.767822070	0.415586380
0.319808600	0.770914030	0.411152150
0.327795800	0.773979530	0.406640110
0.335885390	0.777017900	0.402049170
0.344074110	0.780028550	0.397381030
0.352359850	0.783010860	0.392635790
0.360740530	0.785964190	0.387813530
0.369214200	0.788887930	0.382914380
0.377778920	0.791781460	0.377938500
0.386432820	0.794644150	0.372886060
0.395174080	0.797475410	0.367757260
0.404001010	0.800274610	0.362552230
0.412913500	0.803040990	0.357268930
0.421908130	0.805774120	0.351910090
0.430983170	0.808473430	0.346476070
0.440136910	0.811138360	0.340967300
0.449367630	0.813768350	0.335384260
0.458673620	0.816362880	0.329727490
0.468053140	0.818921430	0.323997610
0.477504460	0.821443510	0.318195290
0.487025800	0.823928620	0.312321330
0.496615360	0.826376330	0.306376610
0.506271300	0.828786210	0.300362110
0.515991820	0.831157840	0.294278880
0.525776220	0.833490640	0.288126500
0.535621100	0.835784520	0.281908320
0.545524400	0.838039180	0.275626020
0.555483970	0.840254370	0.269281470
0.565497600	0.842429900	0.262876830
0.575562970	0.844565610	0.256414570
0.585677720	0.846661390	0.249897480
0.595839340	0.848717220	0.243328780
0.606045280	0.850733100	0.236712140
0.616292830	0.852709120	0.230051790
0.626579230	0.854645430	0.223352580
0.636901570	0.856542260	0.216620120
0.647256850	0.858399910	0.209860860
0.657641970	0.860218780	0.203082290
0.668053690	0.861999320	0.196293070
0.678488680	0.863742110	0.189503260
0.688943510	0.865447790	0.182724550
0.699414630	0.867117110	0.175970550
0.709898420	0.868750920	0.169257120
0.720391150	0.870350150	0.162602730
0.730889020	0.871915840	0.156028940
0.741388030	0.873449180	0.149561010
0.751884140	0.874951430	0.143228280
0.762373420	0.876423920	0.137064490
0.772851830	0.877868080	0.131108640
0.783315350	0.879285450	0.125405380
0.793759940	0.880677630	0.120005320
0.804181590	0.882046320	0.114965050
0.814576340	0.883393290	0.110346780
0.824940280	0.884720360	0.106217240
0.835269590	0.886029430	0.102645900
0.845560560	0.887322430	0.0997021900
0.855809600	0.888601340	0.0974518600
0.866013250	0.889868150	0.0959527700
0.876168240	0.891124870	0.0952504600
0.886271460	0.892373530	0.0953743900
0.896320020	0.893616140	0.0963353800
0.906311210	0.894854670	0.0981249600
0.916242120	0.896091270	0.100716800
0.926105790	0.897329770	0.104070670
0.935904440	0.898570400	0.108130940
0.945636260	0.899815000	0.112837730
0.955299720	0.901065340	0.118128320
0.964893530	0.902323110	0.123940510
0.974416650	0.903589910	0.130214940
0.983868290	0.904867260	0.136896710
0.993247890	0.906156570	0.143936200